_version.3D32.1.14.0.26coreVersion.3Dqemu2.25202.12.0 = 1689947419
_version.3D33.1.16.0.26coreVersion.3Dqemu2.25202.12.0 = 1691444519
_version.3D33.1.17.0.26coreVersion.3Dqemu2.25202.12.0 = 1741606365
